"Dataset:mushroom.txt, Algorithm:AP, Minimum Support Threshold:0.9"
34
85
86
90
34,85
34,86
85,86
85,90
34,85,86

"Dataset:mushroom.txt, Algorithm:AP, Minimum Support Threshold:0.8"
34
36
85
86
90
34,36
34,85
34,86
34,90
36,85
36,86
85,86
85,90
86,90
34,36,85
34,36,86
34,85,86
34,85,90
34,86,90
36,85,86
85,86,90
34,36,85,86
34,85,86,90

"Dataset:mushroom.txt, Algorithm:AP, Minimum Support Threshold:0.7"
34
36
85
86
90
34,36
34,85
34,86
34,90
36,85
36,86
36,90
85,86
85,90
86,90
34,36,85
34,36,86
34,36,90
34,85,86
34,85,90
34,86,90
36,85,86
36,85,90
36,86,90
85,86,90
34,36,85,86
34,36,85,90
34,36,86,90
34,85,86,90
36,85,86,90
34,36,85,86,90

"Dataset:mushroom.txt, Algorithm:AP, Minimum Support Threshold:0.6"
34
36
39
59
63
85
86
90
34,36
34,39
34,59
34,85
34,86
34,90
36,85
36,86
36,90
39,85
39,86
39,90
59,85
59,86
63,85
85,86
85,90
86,90
34,36,85
34,36,86
34,36,90
34,39,85
34,39,86
34,59,85
34,59,86
34,85,86
34,85,90
34,86,90
36,85,86
36,85,90
36,86,90
39,85,86
39,85,90
59,85,86
85,86,90
34,36,85,86
34,36,85,90
34,36,86,90
34,39,85,86
34,59,85,86
34,85,86,90
36,85,86,90
34,36,85,86,90

"Dataset:mushroom.txt, Algorithm:AP, Minimum Support Threshold:0.5"
2
24
34
36
39
53
59
63
67
76
85
86
90
2,85
24,34
24,85
24,86
24,90
34,36
34,39
34,53
34,59
34,63
34,67
34,76
34,85
34,86
34,90
36,39
36,59
36,63
36,85
36,86
36,90
39,85
39,86
39,90
53,85
53,86
53,90
59,63
59,85
59,86
59,90
63,85
63,86
63,90
67,85
67,86
76,85
76,86
85,86
85,90
86,90
24,34,85
24,34,86
24,34,90
24,85,86
24,85,90
24,86,90
34,36,39
34,36,59
34,36,85
34,36,86
34,36,90
34,39,85
34,39,86
34,39,90
34,53,85
34,53,86
34,53,90
34,59,85
34,59,86
34,59,90
34,63,85
34,63,86
34,63,90
34,67,85
34,67,86
34,76,85
34,76,86
34,85,86
34,85,90
34,86,90
36,39,85
36,39,86
36,39,90
36,59,85
36,59,86
36,59,90
36,63,85
36,85,86
36,85,90
36,86,90
39,85,86
39,85,90
39,86,90
53,85,86
53,85,90
53,86,90
59,63,85
59,85,86
59,85,90
59,86,90
63,85,86
63,85,90
63,86,90
67,85,86
76,85,86
85,86,90
24,34,85,86
24,34,85,90
24,34,86,90
24,85,86,90
34,36,39,85
34,36,39,86
34,36,59,85
34,36,59,86
34,36,85,86
34,36,85,90
34,36,86,90
34,39,85,86
34,39,85,90
34,39,86,90
34,53,85,86
34,53,85,90
34,53,86,90
34,59,85,86
34,59,85,90
34,59,86,90
34,63,85,86
34,63,85,90
34,63,86,90
34,67,85,86
34,76,85,86
34,85,86,90
36,39,85,86
36,39,85,90
36,59,85,86
36,59,85,90
36,85,86,90
39,85,86,90
53,85,86,90
59,85,86,90
63,85,86,90
24,34,85,86,90
34,36,39,85,86
34,36,59,85,86
34,36,85,86,90
34,39,85,86,90
34,53,85,86,90
34,59,85,86,90
34,63,85,86,90

